MEME version 4

ALPHABET= ACGU

strands: + -

Background letter frequencies (from uniform background):
A 0.25000 C 0.25000 G 0.25000 U 0.25000

MOTIF motif_0 kermel_1

letter-probability matrix: alength= 4 w= 10 nsites= 20 E= 0
  0.024226	  0.034216	  0.267982	  0.673576	
  0.204046	  0.022228	  0.186064	  0.587662	
  0.108142	  0.433816	  0.451798	  0.006244	
  0.102148	  0.00025	  0.897352	  0.00025	
  0.647602	  0.00025	  0.16009	  0.192058	
  0.543706	  0.437812	  0.016234	  0.002248	
  0.00025	  0.008242	  0.307942	  0.683566	
  0.00025	  0.8494	  0.00025	  0.1501	
  0.00025	  0.455794	  0.004246	  0.53971	
  0.024226	  0.5497	  0.375874	  0.0502	

MOTIF motif_1 kermel_3

letter-probability matrix: alength= 4 w= 10 nsites= 20 E= 0
  0.048202	  0.631618	  0.036214	  0.283966	
  0.00025	  0.787462	  0.02023	  0.192058	
  0.042208	  0.146104	  0.471778	  0.33991	
  0.024226	  0.136114	  0.827422	  0.012238	
  0.331918	  0.038212	  0.521728	  0.108142	
  0.06019	  0.561688	  0.166084	  0.212038	
  0.98926	  0.01024	  0.00025	  0.00025	
  0.046204	  0.463786	  0.206044	  0.283966	
  0.405844	  0.38986	  0.204046	  0.00025	
  0.224026	  0.042208	  0.03022	  0.703546	

MOTIF motif_2 kermel_5

letter-probability matrix: alength= 4 w= 10 nsites= 20 E= 0
  0.00025	  0.907708	  0.00025	  0.091792	
  0.059951	  0.00423	  0.408208	  0.527611	
  0.344527	  0.654973	  0.00025	  0.00025	
  0.390298	  0.00821	  0.51965	  0.081842	
  0.069901	  0.121642	  0.370397	  0.438059	
  0.205224	  0.245025	  0.254975	  0.294776	
  0.0102	  0.217164	  0.00025	  0.772385	
  0.266915	  0.453979	  0.223134	  0.055971	
  0.02015	  0.046021	  0.652983	  0.280846	
  0.233085	  0.087812	  0.603232	  0.075872	

MOTIF motif_3 kermel_7

letter-probability matrix: alength= 4 w= 10 nsites= 20 E= 0
  0.29995	  0.00025	  0.697552	  0.002248	
  0.086164	  0.635614	  0.084166	  0.194056	
  0.517732	  0.076174	  0.004246	  0.401848	
  0.036214	  0.477772	  0.467782	  0.018232	
  0.833416	  0.022228	  0.14011	  0.004246	
  0.044206	  0.08017	  0.084166	  0.791458	
  0.192058	  0.146104	  0.333916	  0.327922	
  0.341908	  0.333916	  0.283966	  0.04021	
  0.513736	  0.393856	  0.026224	  0.066184	
  0.224026	  0.345904	  0.413836	  0.016234	

MOTIF motif_4 kermel_8

letter-probability matrix: alength= 4 w= 10 nsites= 20 E= 0
  0.024226	  0.034216	  0.937312	  0.004246	
  0.19006	  0.02023	  0.443806	  0.345904	
  0.062188	  0.164086	  0.71953	  0.054196	
  0.755494	  0.132118	  0.112138	  0.00025	
  0.18007	  0.138112	  0.116134	  0.565684	
  0.275974	  0.058192	  0.251998	  0.413836	
  0.48976	  0.495754	  0.014236	  0.00025	
  0.411838	  0.148102	  0.401848	  0.038212	
  0.293956	  0.365884	  0.074176	  0.265984	
  0.955294	  0.006244	  0.022228	  0.016234	

MOTIF motif_5 kermel_9

letter-probability matrix: alength= 4 w= 10 nsites= 20 E= 0
  0.568162	  0.42759	  0.00025	  0.003999	
  0.002124	  0.058353	  0.931775	  0.007747	
  0.110833	  0.007747	  0.881169	  0.00025	
  0.060227	  0.330126	  0.17456	  0.435087	
  0.120205	  0.800575	  0.067725	  0.011496	
  0.00025	  0.615019	  0.21392	  0.170811	
  0.272023	  0.69374	  0.028364	  0.005873	
  0.063976	  0.206423	  0.219543	  0.510059	
  0.035862	  0.189554	  0.757466	  0.017119	
  0.107085	  0.033987	  0.858678	  0.00025	

MOTIF motif_6 kermel_10

letter-probability matrix: alength= 4 w= 10 nsites= 20 E= 0
  0.141841	  0.855693	  0.002217	  0.00025	
  0.015982	  0.039581	  0.126108	  0.818329	
  0.061213	  0.106443	  0.438787	  0.393557	
  0.128075	  0.364059	  0.466319	  0.041547	
  0.462386	  0.126108	  0.061213	  0.350293	
  0.002217	  0.00025	  0.885191	  0.112343	
  0.364059	  0.120209	  0.470252	  0.04548	
  0.027781	  0.871425	  0.031715	  0.069079	
  0.55678	  0.297197	  0.104476	  0.041547	
  0.012049	  0.531215	  0.330628	  0.126108	

MOTIF motif_7 kermel_12

letter-probability matrix: alength= 4 w= 10 nsites= 20 E= 0
  0.325274	  0.00025	  0.634346	  0.04013	
  0.058076	  0.002244	  0.93943	  0.00025	
  0.175723	  0.680208	  0.00025	  0.143819	
  0.476819	  0.038136	  0.151795	  0.33325	
  0.056082	  0.097957	  0.799849	  0.046112	
  0.113909	  0.27343	  0.594466	  0.018196	
  0.149801	  0.524675	  0.159771	  0.165753	
  0.066052	  0.097957	  0.602442	  0.233549	
  0.016202	  0.36316	  0.592472	  0.028166	
  0.259472	  0.089981	  0.209621	  0.440927	

MOTIF motif_8 kermel_13

letter-probability matrix: alength= 4 w= 10 nsites= 20 E= 0
  0.219154	  0.201244	  0.149503	  0.430099	
  0.382338	  0.075872	  0.48582	  0.055971	
  0.559451	  0.00224	  0.00821	  0.430099	
  0.300746	  0.187314	  0.300746	  0.211194	
  0.165423	  0.617162	  0.193284	  0.02413	
  0.00224	  0.99726	  0.00025	  0.00025	
  0.794276	  0.093782	  0.00025	  0.111692	
  0.00025	  0.00224	  0.919648	  0.077862	
  0.446019	  0.165423	  0.191294	  0.197264	
  0.055971	  0.00025	  0.796266	  0.147513	

MOTIF motif_9 kermel_14

letter-probability matrix: alength= 4 w= 10 nsites= 20 E= 0
  0.67622	  0.006232	  0.31331	  0.004238	
  0.385094	  0.271436	  0.255484	  0.087987	
  0.002244	  0.761963	  0.016202	  0.219591	
  0.269442	  0.608424	  0.002244	  0.119891	
  0.472831	  0.153789	  0.04013	  0.33325	
  0.004238	  0.64631	  0.327268	  0.022184	
  0.123879	  0.048106	  0.594466	  0.233549	
  0.438933	  0.470837	  0.089981	  0.00025	
  0.151795	  0.821783	  0.00025	  0.026172	
  0.690178	  0.185693	  0.032154	  0.091975	

MOTIF motif_10 kermel_15

letter-probability matrix: alength= 4 w= 10 nsites= 20 E= 0
  0.644006	  0.00025	  0.196517	  0.159226	
  0.010063	  0.730364	  0.090533	  0.16904	
  0.11801	  0.320166	  0.559611	  0.002213	
  0.178853	  0.785319	  0.00025	  0.035578	
  0.114085	  0.569425	  0.243621	  0.072869	
  0.072869	  0.00025	  0.049317	  0.877564	
  0.100346	  0.08857	  0.644006	  0.167077	
  0.063056	  0.475217	  0.066981	  0.394747	
  0.196517	  0.066981	  0.210256	  0.526246	
  0.100346	  0.302501	  0.065018	  0.532134	

MOTIF motif_11 kermel_16

letter-probability matrix: alength= 4 w= 10 nsites= 20 E= 0
  0.068408	  0.596145	  0.093724	  0.241724	
  0.021671	  0.002197	  0.214461	  0.761671	
  0.304039	  0.276776	  0.313776	  0.105408	
  0.173566	  0.798671	  0.00025	  0.027513	
  0.231987	  0.424776	  0.191092	  0.152145	
  0.045039	  0.261197	  0.670145	  0.023618	
  0.305987	  0.181355	  0.383882	  0.128776	
  0.00025	  0.62925	  0.002197	  0.368303	
  0.140461	  0.829829	  0.002197	  0.027513	
  0.985618	  0.011934	  0.002197	  0.00025	

MOTIF motif_12 kermel_20

letter-probability matrix: alength= 4 w= 10 nsites= 20 E= 0
  0.162088	  0.08017	  0.457792	  0.29995	
  0.008242	  0.287962	  0.605644	  0.098152	
  0.01024	  0.124126	  0.317932	  0.547702	
  0.042208	  0.152098	  0.777472	  0.028222	
  0.166084	  0.106144	  0.585664	  0.142108	
  0.505744	  0.192058	  0.104146	  0.198052	
  0.811438	  0.00025	  0.066184	  0.122128	
  0.114136	  0.006244	  0.875374	  0.004246	
  0.78946	  0.062188	  0.134116	  0.014236	
  0.555694	  0.066184	  0.357892	  0.02023	

MOTIF motif_13 kermel_22

letter-probability matrix: alength= 4 w= 10 nsites= 20 E= 0
  0.409741	  0.36622	  0.190159	  0.03388	
  0.134769	  0.039814	  0.813298	  0.012119	
  0.016076	  0.188181	  0.184224	  0.611519	
  0.326656	  0.158507	  0.010141	  0.504696	
  0.160486	  0.613498	  0.202028	  0.023989	
  0.029923	  0.156529	  0.658997	  0.154551	
  0.569977	  0.00025	  0.194115	  0.235658	
  0.067509	  0.237636	  0.68867	  0.006185	
  0.039814	  0.827145	  0.114987	  0.018054	
  0.728234	  0.261375	  0.004206	  0.006185	

MOTIF motif_14 kermel_23

letter-probability matrix: alength= 4 w= 10 nsites= 20 E= 0
  0.254975	  0.302736	  0.00423	  0.438059	
  0.191294	  0.026121	  0.075872	  0.706714	
  0.063931	  0.565421	  0.322636	  0.048011	
  0.042041	  0.040051	  0.607212	  0.310696	
  0.734575	  0.00025	  0.00025	  0.264925	
  0.00025	  0.541541	  0.00423	  0.453979	
  0.139553	  0.746515	  0.00025	  0.113682	
  0.075872	  0.690794	  0.127613	  0.105722	
  0.00025	  0.99527	  0.00025	  0.00423	
  0.115672	  0.165423	  0.231095	  0.48781	

MOTIF motif_15 kermel_25

letter-probability matrix: alength= 4 w= 10 nsites= 20 E= 0
  0.022228	  0.977272	  0.00025	  0.00025	
  0.00025	  0.873376	  0.092158	  0.034216	
  0.018232	  0.685564	  0.064186	  0.232018	
  0.044206	  0.645604	  0.186064	  0.124126	
  0.313936	  0.008242	  0.59965	  0.078172	
  0.026224	  0.124126	  0.52972	  0.31993	
  0.092158	  0.30994	  0.228022	  0.36988	
  0.0502	  0.01024	  0.016234	  0.923326	
  0.196054	  0.20005	  0.066184	  0.537712	
  0.208042	  0.541708	  0.246004	  0.004246	

MOTIF motif_16 kermel_26

letter-probability matrix: alength= 4 w= 10 nsites= 20 E= 0
  0.261988	  0.02023	  0.717532	  0.00025	
  0.587662	  0.297952	  0.076174	  0.038212	
  0.417832	  0.37987	  0.172078	  0.03022	
  0.301948	  0.028222	  0.196054	  0.473776	
  0.014236	  0.761488	  0.006244	  0.218032	
  0.102148	  0.152098	  0.246004	  0.49975	
  0.371878	  0.283966	  0.311938	  0.032218	
  0.721528	  0.048202	  0.02023	  0.21004	
  0.515734	  0.285964	  0.198052	  0.00025	
  0.03022	  0.921328	  0.00025	  0.048202	

MOTIF motif_17 kermel_27

letter-probability matrix: alength= 4 w= 10 nsites= 20 E= 0
  0.11125	  0.008179	  0.870411	  0.010161	
  0.523536	  0.051786	  0.331268	  0.093411	
  0.293607	  0.190536	  0.059714	  0.456143	
  0.00025	  0.456143	  0.006196	  0.537411	
  0.289643	  0.008179	  0.004214	  0.697964	
  0.002232	  0.414518	  0.579036	  0.004214	
  0.477946	  0.196482	  0.014125	  0.311446	
  0.382804	  0.091429	  0.523536	  0.002232	
  0.024036	  0.874375	  0.047821	  0.053768	
  0.188554	  0.579036	  0.232161	  0.00025	

MOTIF motif_18 kermel_28

letter-probability matrix: alength= 4 w= 10 nsites= 20 E= 0
  0.553696	  0.092158	  0.3499	  0.004246	
  0.152098	  0.002248	  0.002248	  0.843406	
  0.595654	  0.054196	  0.002248	  0.347902	
  0.042208	  0.603646	  0.251998	  0.102148	
  0.136114	  0.066184	  0.537712	  0.25999	
  0.098152	  0.014236	  0.42982	  0.457792	
  0.178072	  0.403846	  0.124126	  0.293956	
  0.06019	  0.66958	  0.198052	  0.072178	
  0.036214	  0.483766	  0.46978	  0.01024	
  0.28996	  0.106144	  0.01024	  0.593656	

MOTIF motif_19 kermel_29

letter-probability matrix: alength= 4 w= 10 nsites= 20 E= 0
  0.062566	  0.812303	  0.122934	  0.002197	
  0.339092	  0.313776	  0.239776	  0.107355	
  0.294303	  0.136566	  0.054776	  0.514355	
  0.046987	  0.013882	  0.765566	  0.173566	
  0.300145	  0.33325	  0.313776	  0.052829	
  0.029461	  0.039197	  0.872671	  0.058671	
  0.605882	  0.239776	  0.150197	  0.004145	
  0.459829	  0.51825	  0.013882	  0.008039	
  0.173566	  0.278724	  0.514355	  0.033355	
  0.009987	  0.276776	  0.087882	  0.625355	

MOTIF motif_20 kermel_30

letter-probability matrix: alength= 4 w= 10 nsites= 20 E= 0
  0.008039	  0.008039	  0.00025	  0.983671	
  0.004145	  0.785039	  0.027513	  0.183303	
  0.006092	  0.566934	  0.424776	  0.002197	
  0.520197	  0.457882	  0.015829	  0.006092	
  0.089829	  0.004145	  0.350776	  0.55525	
  0.008039	  0.194987	  0.633145	  0.163829	
  0.035303	  0.342987	  0.621461	  0.00025	
  0.140461	  0.245618	  0.027513	  0.586408	
  0.068408	  0.008039	  0.017776	  0.905776	
  0.060618	  0.603934	  0.039197	  0.29625	

MOTIF motif_21 kermel_32

letter-probability matrix: alength= 4 w= 10 nsites= 20 E= 0
  0.004246	  0.1501	  0.843406	  0.002248	
  0.002248	  0.00025	  0.052198	  0.945304	
  0.062188	  0.014236	  0.363886	  0.55969	
  0.002248	  0.701548	  0.293956	  0.002248	
  0.026224	  0.184066	  0.785464	  0.004246	
  0.675574	  0.024226	  0.273976	  0.026224	
  0.497752	  0.178072	  0.285964	  0.038212	
  0.148102	  0.006244	  0.042208	  0.803446	
  0.234016	  0.617632	  0.02023	  0.128122	
  0.024226	  0.891358	  0.002248	  0.082168	

MOTIF motif_22 kermel_33

letter-probability matrix: alength= 4 w= 10 nsites= 20 E= 0
  0.149707	  0.712136	  0.076945	  0.061213	
  0.00025	  0.533181	  0.012049	  0.45452	
  0.039581	  0.00025	  0.952053	  0.008116	
  0.769165	  0.015982	  0.133974	  0.080878	
  0.108409	  0.428955	  0.456486	  0.00615	
  0.010083	  0.318829	  0.438787	  0.232301	
  0.362093	  0.283431	  0.212636	  0.141841	
  0.116276	  0.177238	  0.165439	  0.541047	
  0.065146	  0.659039	  0.257866	  0.017949	
  0.554813	  0.088744	  0.334561	  0.021882	

MOTIF motif_23 kermel_37

letter-probability matrix: alength= 4 w= 10 nsites= 20 E= 0
  0.685564	  0.112138	  0.00025	  0.202048	
  0.224026	  0.277972	  0.068182	  0.42982	
  0.002248	  0.128122	  0.537712	  0.331918	
  0.327922	  0.391858	  0.086164	  0.194056	
  0.074176	  0.42982	  0.457792	  0.038212	
  0.261988	  0.417832	  0.186064	  0.134116	
  0.012238	  0.881368	  0.074176	  0.032218	
  0.192058	  0.028222	  0.42982	  0.3499	
  0.3499	  0.645604	  0.00025	  0.004246	
  0.773476	  0.084166	  0.142108	  0.00025	

MOTIF motif_24 kermel_39

letter-probability matrix: alength= 4 w= 10 nsites= 20 E= 0
  0.048202	  0.417832	  0.004246	  0.52972	
  0.08017	  0.443806	  0.114136	  0.361888	
  0.277972	  0.371878	  0.224026	  0.126124	
  0.146104	  0.184066	  0.647602	  0.022228	
  0.50974	  0.09016	  0.383866	  0.016234	
  0.002248	  0.032218	  0.002248	  0.963286	
  0.042208	  0.735514	  0.192058	  0.03022	
  0.002248	  0.581668	  0.02023	  0.395854	
  0.052198	  0.88936	  0.012238	  0.046204	
  0.00025	  0.99925	  0.00025	  0.00025	

MOTIF motif_25 kermel_40

letter-probability matrix: alength= 4 w= 10 nsites= 20 E= 0
  0.633083	  0.02413	  0.340547	  0.00224	
  0.268905	  0.089802	  0.619152	  0.02214	
  0.065921	  0.201244	  0.183334	  0.549501	
  0.00821	  0.931589	  0.051991	  0.00821	
  0.47985	  0.119652	  0.398258	  0.00224	
  0.059951	  0.089802	  0.824126	  0.026121	
  0.139553	  0.211194	  0.637063	  0.01219	
  0.414178	  0.48582	  0.087812	  0.01219	
  0.48184	  0.179354	  0.213184	  0.125623	
  0.038061	  0.249005	  0.105722	  0.607212	

MOTIF motif_26 kermel_43

letter-probability matrix: alength= 4 w= 10 nsites= 20 E= 0
  0.710522	  0.034897	  0.086868	  0.167712	
  0.960753	  0.034897	  0.002175	  0.002175	
  0.044522	  0.854886	  0.034897	  0.065695	
  0.188886	  0.658551	  0.00025	  0.152314	
  0.006025	  0.73747	  0.240857	  0.015649	
  0.002175	  0.156163	  0.689348	  0.152314	
  0.015649	  0.06377	  0.918406	  0.002175	
  0.006025	  0.19466	  0.697048	  0.102267	
  0.429493	  0.073395	  0.252406	  0.244707	
  0.006025	  0.589256	  0.281279	  0.123441	

MOTIF motif_27 kermel_44

letter-probability matrix: alength= 4 w= 10 nsites= 20 E= 0
  0.052356	  0.235626	  0.070324	  0.641694	
  0.018218	  0.046966	  0.896835	  0.037982	
  0.007437	  0.00025	  0.986673	  0.00564	
  0.023608	  0.06673	  0.898631	  0.011031	
  0.023608	  0.079308	  0.490766	  0.406318	
  0.282342	  0.014624	  0.002047	  0.700987	
  0.00025	  0.824964	  0.007437	  0.167349	
  0.011031	  0.370383	  0.618336	  0.00025	
  0.481782	  0.032592	  0.300309	  0.185317	
  0.517718	  0.077511	  0.271561	  0.13321	

MOTIF motif_28 kermel_45

letter-probability matrix: alength= 4 w= 10 nsites= 20 E= 0
  0.188992	  0.280504	  0.089855	  0.440649	
  0.442555	  0.246187	  0.166115	  0.145143	
  0.171834	  0.101294	  0.562664	  0.164208	
  0.659895	  0.009782	  0.32626	  0.004063	
  0.221403	  0.00025	  0.055538	  0.722809	
  0.011689	  0.900113	  0.074603	  0.013595	
  0.404426	  0.002156	  0.190899	  0.402519	
  0.177553	  0.783817	  0.026941	  0.011689	
  0.135611	  0.139424	  0.703744	  0.021221	
  0.114639	  0.10892	  0.204244	  0.572197	

MOTIF motif_29 kermel_46

letter-probability matrix: alength= 4 w= 10 nsites= 20 E= 0
  0.18007	  0.092158	  0.585664	  0.142108	
  0.283966	  0.343906	  0.31993	  0.052198	
  0.00025	  0.995254	  0.002248	  0.002248	
  0.044206	  0.78946	  0.016234	  0.1501	
  0.00025	  0.907342	  0.012238	  0.08017	
  0.563686	  0.028222	  0.407842	  0.00025	
  0.022228	  0.138112	  0.485764	  0.353896	
  0.29995	  0.14011	  0.427822	  0.132118	
  0.385864	  0.246004	  0.086164	  0.281968	
  0.00025	  0.297952	  0.563686	  0.138112	

MOTIF motif_30 kermel_48

letter-probability matrix: alength= 4 w= 10 nsites= 20 E= 0
  0.353773	  0.240566	  0.105512	  0.300149	
  0.061819	  0.00025	  0.933709	  0.004222	
  0.057846	  0.290218	  0.635797	  0.016139	
  0.699351	  0.09161	  0.1929	  0.016139	
  0.186942	  0.365689	  0.377606	  0.069763	
  0.004222	  0.049902	  0.893988	  0.051888	
  0.468966	  0.371648	  0.047916	  0.111471	
  0.014153	  0.474924	  0.288232	  0.222691	
  0.036	  0.516632	  0.208789	  0.23858	
  0.026069	  0.242552	  0.72517	  0.006208	

MOTIF motif_31 kermel_50

letter-probability matrix: alength= 4 w= 10 nsites= 20 E= 0
  0.011581	  0.323178	  0.496917	  0.168324	
  0.00025	  0.022912	  0.906715	  0.070123	
  0.474256	  0.015358	  0.500694	  0.009692	
  0.134331	  0.00025	  0.028577	  0.836842	
  0.034242	  0.177766	  0.022912	  0.76508	
  0.047462	  0.948261	  0.00025	  0.004027	
  0.00025	  0.004027	  0.972811	  0.022912	
  0.795295	  0.08712	  0.109781	  0.007804	
  0.294851	  0.00025	  0.11167	  0.593229	
  0.005915	  0.41949	  0.226866	  0.347728	

MOTIF motif_32 kermel_58

letter-probability matrix: alength= 4 w= 10 nsites= 20 E= 0
  0.069813	  0.626316	  0.255314	  0.048558	
  0.002182	  0.597331	  0.400236	  0.00025	
  0.207006	  0.079474	  0.585737	  0.127782	
  0.307486	  0.284298	  0.355794	  0.052422	
  0.017641	  0.07561	  0.110391	  0.796358	
  0.00025	  0.00025	  0.00025	  0.99925	
  0.011844	  0.983792	  0.00025	  0.004115	
  0.16836	  0.091068	  0.576076	  0.164496	
  0.715202	  0.027302	  0.24372	  0.013776	
  0.894906	  0.052422	  0.052422	  0.00025	

MOTIF motif_33 kermel_59

letter-probability matrix: alength= 4 w= 10 nsites= 20 E= 0
  0.667574	  0.006208	  0.109485	  0.216733	
  0.321996	  0.463007	  0.198858	  0.016139	
  0.359731	  0.202831	  0.23858	  0.198858	
  0.107499	  0.546423	  0.202831	  0.143248	
  0.016139	  0.071749	  0.292204	  0.619908	
  0.01018	  0.039972	  0.037986	  0.911862	
  0.030041	  0.707296	  0.071749	  0.190914	
  0.006208	  0.016139	  0.866182	  0.111471	
  0.411369	  0.00025	  0.582172	  0.006208	
  0.580186	  0.004222	  0.109485	  0.306107	

MOTIF motif_34 kermel_60

letter-probability matrix: alength= 4 w= 10 nsites= 20 E= 0
  0.00025	  0.00025	  0.99925	  0.00025	
  0.345829	  0.242552	  0.077707	  0.333912	
  0.661616	  0.218719	  0.059833	  0.059833	
  0.065791	  0.026069	  0.844335	  0.063805	
  0.002236	  0.067777	  0.105512	  0.824475	
  0.059833	  0.159137	  0.683463	  0.097568	
  0.52259	  0.01018	  0.429244	  0.037986	
  0.214747	  0.039972	  0.687435	  0.057846	
  0.260427	  0.09161	  0.083666	  0.564298	
  0.05586	  0.014153	  0.059833	  0.870155	

MOTIF motif_35 kermel_61

letter-probability matrix: alength= 4 w= 10 nsites= 20 E= 0
  0.194056	  0.126124	  0.387862	  0.291958	
  0.172078	  0.118132	  0.677572	  0.032218	
  0.447802	  0.00025	  0.551698	  0.00025	
  0.012238	  0.134116	  0.056194	  0.797452	
  0.222028	  0.737512	  0.002248	  0.038212	
  0.42982	  0.293956	  0.275974	  0.00025	
  0.004246	  0.098152	  0.847402	  0.0502	
  0.234016	  0.06019	  0.651598	  0.054196	
  0.657592	  0.22003	  0.098152	  0.024226	
  0.433816	  0.022228	  0.541708	  0.002248	

MOTIF motif_36 kermel_62

letter-probability matrix: alength= 4 w= 10 nsites= 20 E= 0
  0.00025	  0.00025	  0.014236	  0.985264	
  0.032218	  0.253996	  0.263986	  0.4498	
  0.00025	  0.583666	  0.00025	  0.415834	
  0.026224	  0.617632	  0.006244	  0.3499	
  0.092158	  0.623626	  0.178072	  0.106144	
  0.218032	  0.761488	  0.002248	  0.018232	
  0.012238	  0.044206	  0.52972	  0.413836	
  0.335914	  0.31993	  0.261988	  0.082168	
  0.062188	  0.23002	  0.471778	  0.236014	
  0.03022	  0.631618	  0.208042	  0.13012	

MOTIF motif_37 kermel_64

letter-probability matrix: alength= 4 w= 10 nsites= 20 E= 0
  0.00025	  0.00025	  0.012214	  0.987286	
  0.006232	  0.095963	  0.00025	  0.897555	
  0.121885	  0.789879	  0.082004	  0.006232	
  0.125873	  0.085993	  0.700148	  0.087987	
  0.771933	  0.117897	  0.109921	  0.00025	
  0.309322	  0.00025	  0.349202	  0.341226	
  0.00025	  0.985292	  0.014208	  0.00025	
  0.00025	  0.965352	  0.034148	  0.00025	
  0.0501	  0.749999	  0.093969	  0.105933	
  0.337238	  0.662262	  0.00025	  0.00025	

MOTIF motif_38 kermel_65

letter-probability matrix: alength= 4 w= 10 nsites= 20 E= 0
  0.667582	  0.012238	  0.058192	  0.261988	
  0.913336	  0.08017	  0.006244	  0.00025	
  0.014236	  0.118132	  0.048202	  0.81943	
  0.086164	  0.537712	  0.335914	  0.04021	
  0.265984	  0.293956	  0.437812	  0.002248	
  0.663586	  0.00025	  0.335914	  0.00025	
  0.104146	  0.12013	  0.711538	  0.064186	
  0.25	  0.497752	  0.18007	  0.072178	
  0.08017	  0.224026	  0.146104	  0.5497	
  0.12013	  0.283966	  0.443806	  0.152098	

MOTIF motif_39 kermel_66

letter-probability matrix: alength= 4 w= 10 nsites= 20 E= 0
  0.002153	  0.01357	  0.01357	  0.970707	
  0.011667	  0.338959	  0.53305	  0.116324	
  0.057336	  0.327541	  0.165799	  0.449324	
  0.108713	  0.668153	  0.070656	  0.152479	
  0.71953	  0.068753	  0.18673	  0.024987	
  0.024987	  0.323736	  0.651027	  0.00025	
  0.283776	  0.078267	  0.154381	  0.483576	
  0.023084	  0.017376	  0.637707	  0.321833	
  0.038307	  0.795644	  0.036404	  0.129644	
  0.072559	  0.468353	  0.127741	  0.331347	

MOTIF motif_40 kermel_68

letter-probability matrix: alength= 4 w= 10 nsites= 20 E= 0
  0.122128	  0.295954	  0.545704	  0.036214	
  0.25	  0.018232	  0.242008	  0.48976	
  0.01024	  0.142108	  0.847402	  0.00025	
  0.587662	  0.052198	  0.204046	  0.156094	
  0.01024	  0.961288	  0.028222	  0.00025	
  0.82942	  0.078172	  0.014236	  0.078172	
  0.158092	  0.244006	  0.28996	  0.307942	
  0.152098	  0.493756	  0.335914	  0.018232	
  0.471778	  0.45979	  0.044206	  0.024226	
  0.407842	  0.238012	  0.192058	  0.162088	

MOTIF motif_41 kermel_69

letter-probability matrix: alength= 4 w= 10 nsites= 20 E= 0
  0.006232	  0.257478	  0.730058	  0.006232	
  0.223579	  0.028166	  0.131855	  0.6164	
  0.054088	  0.028166	  0.279412	  0.638334	
  0.448903	  0.191675	  0.038136	  0.321286	
  0.339232	  0.341226	  0.317298	  0.002244	
  0.690178	  0.135843	  0.113909	  0.06007	
  0.00025	  0.211615	  0.783897	  0.004238	
  0.203639	  0.369142	  0.151795	  0.275424	
  0.085993	  0.058076	  0.847705	  0.008226	
  0.026172	  0.714106	  0.016202	  0.243519	

MOTIF motif_42 kermel_70

letter-probability matrix: alength= 4 w= 10 nsites= 20 E= 0
  0.11014	  0.295954	  0.575674	  0.018232	
  0.437812	  0.056194	  0.01024	  0.495754	
  0.014236	  0.048202	  0.92932	  0.008242	
  0.194056	  0.573676	  0.174076	  0.058192	
  0.006244	  0.65959	  0.172078	  0.162088	
  0.008242	  0.088162	  0.66958	  0.234016	
  0.253996	  0.593656	  0.106144	  0.046204	
  0.142108	  0.118132	  0.156094	  0.583666	
  0.186064	  0.35989	  0.112138	  0.341908	
  0.002248	  0.068182	  0.238012	  0.691558	

MOTIF motif_43 kermel_71

letter-probability matrix: alength= 4 w= 10 nsites= 20 E= 0
  0.151493	  0.631093	  0.147513	  0.069901	
  0.00025	  0.668903	  0.258955	  0.071891	
  0.050001	  0.061941	  0.875868	  0.01219	
  0.00821	  0.00423	  0.98731	  0.00025	
  0.4898	  0.00025	  0.380348	  0.129603	
  0.139553	  0.133583	  0.00025	  0.726615	
  0.00423	  0.137563	  0.055971	  0.802236	
  0.304726	  0.649003	  0.00025	  0.046021	
  0.00025	  0.00025	  0.937559	  0.061941	
  0.873877	  0.125623	  0.00025	  0.00025	

MOTIF motif_44 kermel_72

letter-probability matrix: alength= 4 w= 10 nsites= 20 E= 0
  0.188062	  0.176074	  0.575674	  0.06019	
  0.192058	  0.238012	  0.463786	  0.106144	
  0.026224	  0.018232	  0.415834	  0.53971	
  0.615634	  0.383866	  0.00025	  0.00025	
  0.034216	  0.122128	  0.535714	  0.307942	
  0.086164	  0.621628	  0.242008	  0.0502	
  0.006244	  0.00025	  0.991258	  0.002248	
  0.57967	  0.365884	  0.054196	  0.00025	
  0.114136	  0.144106	  0.721528	  0.02023	
  0.02023	  0.3499	  0.172078	  0.457792	

MOTIF motif_45 kermel_73

letter-probability matrix: alength= 4 w= 10 nsites= 20 E= 0
  0.177238	  0.340461	  0.167406	  0.314896	
  0.094644	  0.004183	  0.847827	  0.053346	
  0.594144	  0.273598	  0.110376	  0.021882	
  0.200837	  0.010083	  0.767199	  0.021882	
  0.369959	  0.00615	  0.621675	  0.002217	
  0.364059	  0.122175	  0.259833	  0.253933	
  0.285398	  0.236234	  0.293264	  0.185104	
  0.122175	  0.566612	  0.139874	  0.171339	
  0.015982	  0.940254	  0.037614	  0.00615	
  0.067112	  0.00025	  0.828161	  0.104476	

MOTIF motif_46 kermel_74

letter-probability matrix: alength= 4 w= 10 nsites= 20 E= 0
  0.563039	  0.109303	  0.300145	  0.027513	
  0.009987	  0.109303	  0.013882	  0.866829	
  0.099566	  0.539671	  0.319618	  0.041145	
  0.058671	  0.247566	  0.056724	  0.637039	
  0.002197	  0.874618	  0.107355	  0.015829	
  0.751934	  0.066461	  0.154092	  0.027513	
  0.00025	  0.046987	  0.940829	  0.011934	
  0.105408	  0.452039	  0.302092	  0.140461	
  0.559145	  0.00025	  0.418934	  0.021671	
  0.056724	  0.099566	  0.490987	  0.352724	

MOTIF motif_47 kermel_75

letter-probability matrix: alength= 4 w= 10 nsites= 20 E= 0
  0.036214	  0.046204	  0.273976	  0.643606	
  0.675574	  0.09016	  0.016234	  0.218032	
  0.263986	  0.00025	  0.665584	  0.07018	
  0.525724	  0.263986	  0.11014	  0.10015	
  0.00025	  0.817432	  0.148102	  0.034216	
  0.22003	  0.585664	  0.188062	  0.006244	
  0.33991	  0.104146	  0.41983	  0.136114	
  0.176074	  0.158092	  0.467782	  0.198052	
  0.75949	  0.046204	  0.192058	  0.002248	
  0.088162	  0.006244	  0.897352	  0.008242	

MOTIF motif_48 kermel_77

letter-probability matrix: alength= 4 w= 10 nsites= 20 E= 0
  0.00025	  0.006196	  0.00025	  0.993304	
  0.024036	  0.016107	  0.051786	  0.908071	
  0.00025	  0.993304	  0.004214	  0.002232	
  0.618679	  0.008179	  0.372893	  0.00025	
  0.991321	  0.002232	  0.006196	  0.00025	
  0.72175	  0.018089	  0.113232	  0.146929	
  0.018089	  0.208375	  0.160804	  0.612732	
  0.00025	  0.917982	  0.05575	  0.026018	
  0.184589	  0.622643	  0.049804	  0.142964	
  0.061696	  0.624625	  0.192518	  0.121161	

MOTIF motif_49 kermel_78

letter-probability matrix: alength= 4 w= 10 nsites= 20 E= 0
  0.466319	  0.507616	  0.014016	  0.012049	
  0.063179	  0.700337	  0.175272	  0.061213	
  0.00615	  0.80653	  0.014016	  0.173305	
  0.041547	  0.922555	  0.004183	  0.031715	
  0.515482	  0.019915	  0.430921	  0.033681	
  0.322762	  0.098577	  0.572512	  0.00615	
  0.55088	  0.041547	  0.175272	  0.232301	
  0.05728	  0.2559	  0.208703	  0.478118	
  0.112343	  0.15364	  0.356193	  0.377825	
  0.031715	  0.859626	  0.014016	  0.094644	

MOTIF motif_50 kermel_79

letter-probability matrix: alength= 4 w= 10 nsites= 20 E= 0
  0.047633	  0.053556	  0.608337	  0.290473	
  0.460264	  0.353651	  0.016044	  0.170041	
  0.152272	  0.28455	  0.00025	  0.562928	
  0.00025	  0.019993	  0.643875	  0.335882	
  0.126606	  0.819588	  0.035788	  0.018019	
  0.414855	  0.450392	  0.093042	  0.04171	
  0.006173	  0.750487	  0.172015	  0.071325	
  0.006173	  0.310216	  0.651772	  0.031839	
  0.426701	  0.393137	  0.177938	  0.002224	
  0.010122	  0.361548	  0.62808	  0.00025	

MOTIF motif_51 kermel_81

letter-probability matrix: alength= 4 w= 10 nsites= 20 E= 0
  0.012238	  0.40984	  0.535714	  0.042208	
  0.206044	  0.248002	  0.437812	  0.108142	
  0.02023	  0.06019	  0.917332	  0.002248	
  0.112138	  0.234016	  0.643606	  0.01024	
  0.248002	  0.31993	  0.00025	  0.431818	
  0.192058	  0.216034	  0.56968	  0.022228	
  0.325924	  0.12013	  0.455794	  0.098152	
  0.014236	  0.737512	  0.146104	  0.102148	
  0.00025	  0.98926	  0.008242	  0.002248	
  0.088162	  0.763486	  0.136114	  0.012238	

MOTIF motif_52 kermel_82

letter-probability matrix: alength= 4 w= 10 nsites= 20 E= 0
  0.00025	  0.817795	  0.181705	  0.00025	
  0.165753	  0.508723	  0.03016	  0.295364	
  0.044118	  0.235543	  0.708124	  0.012214	
  0.036142	  0.25349	  0.66625	  0.044118	
  0.002244	  0.076022	  0.113909	  0.807825	
  0.29337	  0.31331	  0.391076	  0.002244	
  0.163759	  0.287388	  0.422981	  0.125873	
  0.105933	  0.00025	  0.851693	  0.042124	
  0.105933	  0.02019	  0.825771	  0.048106	
  0.066052	  0.305334	  0.574525	  0.054088	

MOTIF motif_53 kermel_83

letter-probability matrix: alength= 4 w= 10 nsites= 20 E= 0
  0.24001	  0.058192	  0.69955	  0.002248	
  0.176074	  0.004246	  0.743506	  0.076174	
  0.126124	  0.076174	  0.066184	  0.731518	
  0.012238	  0.024226	  0.567682	  0.395854	
  0.465784	  0.02023	  0.078172	  0.435814	
  0.00025	  0.381868	  0.076174	  0.541708	
  0.06019	  0.517732	  0.116134	  0.305944	
  0.347902	  0.192058	  0.397852	  0.062188	
  0.647602	  0.337912	  0.012238	  0.002248	
  0.14011	  0.112138	  0.653596	  0.094156	

MOTIF motif_54 kermel_85

letter-probability matrix: alength= 4 w= 10 nsites= 20 E= 0
  0.023393	  0.044607	  0.93175	  0.00025	
  0.187321	  0.009893	  0.750464	  0.052321	
  0.00025	  0.009893	  0.227821	  0.762036	
  0.01375	  0.002179	  0.029179	  0.954893	
  0.006036	  0.384036	  0.00025	  0.609679	
  0.002179	  0.293393	  0.677179	  0.02725	
  0.592321	  0.00025	  0.376321	  0.031107	
  0.99925	  0.00025	  0.00025	  0.00025	
  0.183464	  0.18925	  0.04075	  0.586536	
  0.00025	  0.939464	  0.060036	  0.00025	

MOTIF motif_55 kermel_86

letter-probability matrix: alength= 4 w= 10 nsites= 20 E= 0
  0.004222	  0.735101	  0.081679	  0.178998	
  0.053874	  0.645727	  0.085652	  0.214747	
  0.032027	  0.510673	  0.053874	  0.403425	
  0.024083	  0.387536	  0.121401	  0.46698	
  0.178998	  0.127359	  0.041958	  0.651685	
  0.492799	  0.381578	  0.047916	  0.077707	
  0.022097	  0.453077	  0.286246	  0.23858	
  0.186942	  0.427258	  0.186942	  0.198858	
  0.043944	  0.00025	  0.945626	  0.01018	
  0.002236	  0.004222	  0.804614	  0.188928	

MOTIF motif_56 kermel_87

letter-probability matrix: alength= 4 w= 10 nsites= 20 E= 0
  0.7223	  0.231701	  0.023989	  0.02201	
  0.031901	  0.459197	  0.498761	  0.010141	
  0.174333	  0.223789	  0.073444	  0.528434	
  0.275222	  0.083335	  0.575911	  0.065531	
  0.109052	  0.037836	  0.817254	  0.035858	
  0.037836	  0.585802	  0.354351	  0.02201	
  0.5225	  0.128834	  0.027945	  0.320721	
  0.116965	  0.097183	  0.014098	  0.771755	
  0.08927	  0.686692	  0.041793	  0.182246	
  0.118943	  0.194115	  0.016076	  0.670866	

MOTIF motif_57 kermel_91

letter-probability matrix: alength= 4 w= 10 nsites= 20 E= 0
  0.052523	  0.757244	  0.037035	  0.153198	
  0.371971	  0.544279	  0.077692	  0.006058	
  0.114477	  0.068012	  0.73014	  0.087372	
  0.037035	  0.600424	  0.337122	  0.025419	
  0.189983	  0.023483	  0.302273	  0.484262	
  0.133837	  0.06414	  0.284849	  0.517174	
  0.402948	  0.495878	  0.01961	  0.081564	
  0.108669	  0.401012	  0.346802	  0.143517	
  0.033163	  0.929552	  0.013802	  0.023483	
  0.085436	  0.058331	  0.174494	  0.681738	

MOTIF motif_58 kermel_92

letter-probability matrix: alength= 4 w= 10 nsites= 20 E= 0
  0.00025	  0.774179	  0.181886	  0.043685	
  0.031839	  0.908432	  0.059479	  0.00025	
  0.501724	  0.002224	  0.495801	  0.00025	
  0.047633	  0.738641	  0.185835	  0.02789	
  0.008147	  0.136477	  0.71495	  0.140426	
  0.004199	  0.331934	  0.663618	  0.00025	
  0.039736	  0.679412	  0.02789	  0.252961	
  0.132529	  0.333908	  0.089094	  0.444469	
  0.01407	  0.347728	  0.333908	  0.304293	
  0.355625	  0.327985	  0.233218	  0.083171	

MOTIF motif_59 kermel_97

letter-probability matrix: alength= 4 w= 10 nsites= 20 E= 0
  0.048011	  0.587312	  0.169403	  0.195274	
  0.752485	  0.083832	  0.145523	  0.01816	
  0.075872	  0.732585	  0.125623	  0.065921	
  0.044031	  0.326617	  0.254975	  0.374377	
  0.372387	  0.085822	  0.310696	  0.231095	
  0.038061	  0.036071	  0.776366	  0.149503	
  0.040051	  0.304726	  0.278856	  0.376368	
  0.563431	  0.00025	  0.410198	  0.026121	
  0.00622	  0.01418	  0.919648	  0.059951	
  0.633083	  0.026121	  0.075872	  0.264925	

MOTIF motif_60 kermel_99

letter-probability matrix: alength= 4 w= 10 nsites= 20 E= 0
  0.966464	  0.011821	  0.021464	  0.00025	
  0.376321	  0.306893	  0.173821	  0.142964	
  0.01375	  0.910536	  0.021464	  0.05425	
  0.007964	  0.949107	  0.002179	  0.04075	
  0.031107	  0.331964	  0.222036	  0.414893	
  0.301107	  0.22975	  0.44575	  0.023393	
  0.511321	  0.10825	  0.33775	  0.042679	
  0.112107	  0.077393	  0.422607	  0.387893	
  0.411036	  0.177679	  0.017607	  0.393679	
  0.00025	  0.019536	  0.033036	  0.947179	

MOTIF motif_61 kermel_101

letter-probability matrix: alength= 4 w= 10 nsites= 20 E= 0
  0.07042	  0.600389	  0.29201	  0.037182	
  0.00025	  0.805359	  0.194141	  0.00025	
  0.00025	  0.598542	  0.218146	  0.183061	
  0.002097	  0.00025	  0.997403	  0.00025	
  0.00025	  0.068573	  0.92908	  0.002097	
  0.00025	  0.085193	  0.879222	  0.035335	
  0.785047	  0.009483	  0.042721	  0.162749	
  0.218146	  0.35664	  0.003943	  0.42127	
  0.015023	  0.665019	  0.00025	  0.319708	
  0.00579	  0.301243	  0.262464	  0.430503	

MOTIF motif_62 kermel_102

letter-probability matrix: alength= 4 w= 10 nsites= 20 E= 0
  0.143244	  0.601609	  0.06685	  0.188297	
  0.156956	  0.121697	  0.337168	  0.384179	
  0.106026	  0.154997	  0.407685	  0.331291	
  0.06685	  0.188297	  0.738726	  0.006126	
  0.051179	  0.303868	  0.192215	  0.452738	
  0.004168	  0.008085	  0.911103	  0.076644	
  0.319538	  0.004168	  0.630991	  0.045303	
  0.059015	  0.062932	  0.856256	  0.021797	
  0.010044	  0.004168	  0.979662	  0.006126	
  0.278403	  0.538926	  0.113862	  0.068809	

MOTIF motif_63 kermel_103

letter-probability matrix: alength= 4 w= 10 nsites= 20 E= 0
  0.006232	  0.00025	  0.131855	  0.861663	
  0.036142	  0.157777	  0.39307	  0.41301	
  0.2834	  0.097957	  0.570537	  0.048106	
  0.885591	  0.107927	  0.00025	  0.006232	
  0.375124	  0.520687	  0.097957	  0.006232	
  0.105933	  0.540627	  0.31331	  0.04013	
  0.012214	  0.927466	  0.01022	  0.0501	
  0.127867	  0.06007	  0.811813	  0.00025	
  0.032154	  0.217597	  0.462861	  0.287388	
  0.042124	  0.115903	  0.839729	  0.002244	

MOTIF motif_64 kermel_104

letter-probability matrix: alength= 4 w= 10 nsites= 20 E= 0
  0.006244	  0.024226	  0.517732	  0.451798	
  0.787462	  0.00025	  0.06019	  0.152098	
  0.04021	  0.00025	  0.681568	  0.277972	
  0.1501	  0.218032	  0.607642	  0.024226	
  0.00025	  0.038212	  0.511738	  0.4498	
  0.00025	  0.645604	  0.00025	  0.353896	
  0.078172	  0.547702	  0.313936	  0.06019	
  0.074176	  0.65959	  0.255994	  0.01024	
  0.395854	  0.026224	  0.246004	  0.331918	
  0.00025	  0.002248	  0.997252	  0.00025	

MOTIF motif_65 kermel_105

letter-probability matrix: alength= 4 w= 10 nsites= 20 E= 0
  0.668726	  0.100521	  0.230503	  0.00025	
  0.111663	  0.256499	  0.141373	  0.490466	
  0.00025	  0.670583	  0.005821	  0.323347	
  0.005821	  0.993679	  0.00025	  0.00025	
  0.007678	  0.802421	  0.00025	  0.189651	
  0.975111	  0.024389	  0.00025	  0.00025	
  0.130231	  0.603735	  0.211934	  0.054099	
  0.00025	  0.581453	  0.00025	  0.418047	
  0.17294	  0.171083	  0.442187	  0.213791	
  0.197079	  0.47004	  0.330774	  0.002107	

MOTIF motif_66 kermel_107

letter-probability matrix: alength= 4 w= 10 nsites= 20 E= 0
  0.00025	  0.743506	  0.008242	  0.248002	
  0.002248	  0.473776	  0.41983	  0.104146	
  0.136114	  0.028222	  0.154096	  0.681568	
  0.086164	  0.73951	  0.004246	  0.17008	
  0.056194	  0.931318	  0.004246	  0.008242	
  0.006244	  0.505744	  0.391858	  0.096154	
  0.128122	  0.162088	  0.547702	  0.162088	
  0.068182	  0.232018	  0.647602	  0.052198	
  0.096154	  0.425824	  0.303946	  0.174076	
  0.022228	  0.078172	  0.154096	  0.745504	

MOTIF motif_67 kermel_108

letter-probability matrix: alength= 4 w= 10 nsites= 20 E= 0
  0.159314	  0.008009	  0.764533	  0.068143	
  0.535636	  0.130217	  0.326137	  0.008009	
  0.423128	  0.006069	  0.475502	  0.0953	
  0.143796	  0.39791	  0.3048	  0.153495	
  0.054565	  0.475502	  0.254365	  0.215568	
  0.165133	  0.776172	  0.00413	  0.054565	
  0.048745	  0.628747	  0.273763	  0.048745	
  0.011889	  0.941056	  0.046805	  0.00025	
  0.00025	  0.00025	  0.99925	  0.00025	
  0.231087	  0.00413	  0.764533	  0.00025	

MOTIF motif_68 kermel_109

letter-probability matrix: alength= 4 w= 10 nsites= 20 E= 0
  0.059015	  0.721453	  0.149833	  0.069699	
  0.176544	  0.042988	  0.59502	  0.185448	
  0.04833	  0.046549	  0.90309	  0.002031	
  0.815833	  0.019838	  0.062576	  0.101753	
  0.07148	  0.002031	  0.010934	  0.915555	
  0.0234	  0.511325	  0.002031	  0.463245	
  0.242432	  0.408041	  0.208598	  0.140929	
  0.194352	  0.0234	  0.780218	  0.002031	
  0.616389	  0.032303	  0.299416	  0.051892	
  0.926239	  0.069699	  0.003811	  0.00025	

MOTIF motif_69 kermel_113

letter-probability matrix: alength= 4 w= 10 nsites= 20 E= 0
  0.07853	  0.160537	  0.755091	  0.005841	
  0.51466	  0.449427	  0.017024	  0.018888	
  0.082257	  0.110215	  0.052437	  0.755091	
  0.074802	  0.059892	  0.246272	  0.619034	
  0.138172	  0.287276	  0.223907	  0.350646	
  0.259319	  0.0543	  0.686131	  0.00025	
  0.961974	  0.00025	  0.020752	  0.017024	
  0.510933	  0.233226	  0.197813	  0.058028	
  0.115806	  0.853873	  0.009569	  0.020752	
  0.548209	  0.441972	  0.002114	  0.007705	

MOTIF motif_70 kermel_116

letter-probability matrix: alength= 4 w= 10 nsites= 20 E= 0
  0.76083	  0.112564	  0.077096	  0.04951	
  0.307635	  0.211084	  0.441623	  0.039658	
  0.073155	  0.71354	  0.019954	  0.193351	
  0.00222	  0.021925	  0.632753	  0.343102	
  0.183499	  0.66625	  0.012072	  0.138179	
  0.00025	  0.04557	  0.804179	  0.150001	
  0.384481	  0.016013	  0.549996	  0.04951	
  0.61896	  0.004191	  0.126357	  0.250493	
  0.134238	  0.067244	  0.467238	  0.33128	
  0.213055	  0.345072	  0.368717	  0.073155	

MOTIF motif_71 kermel_117

letter-probability matrix: alength= 4 w= 10 nsites= 20 E= 0
  0.058076	  0.92946	  0.002244	  0.01022	
  0.107927	  0.532651	  0.038136	  0.321286	
  0.00025	  0.987286	  0.012214	  0.00025	
  0.40304	  0.305334	  0.107927	  0.183699	
  0.203639	  0.604436	  0.093969	  0.097957	
  0.201645	  0.08001	  0.317298	  0.401046	
  0.006232	  0.496759	  0.153789	  0.34322	
  0.028166	  0.805831	  0.159771	  0.006232	
  0.044118	  0.00025	  0.00025	  0.955382	
  0.034148	  0.201645	  0.759969	  0.004238	

MOTIF motif_72 kermel_118

letter-probability matrix: alength= 4 w= 10 nsites= 20 E= 0
  0.154096	  0.623626	  0.044206	  0.178072	
  0.138112	  0.783466	  0.036214	  0.042208	
  0.156094	  0.253996	  0.50974	  0.08017	
  0.717532	  0.066184	  0.16009	  0.056194	
  0.315934	  0.59965	  0.024226	  0.06019	
  0.02023	  0.128122	  0.246004	  0.605644	
  0.082168	  0.10015	  0.002248	  0.815434	
  0.02023	  0.883366	  0.082168	  0.014236	
  0.048202	  0.006244	  0.717532	  0.228022	
  0.391858	  0.02023	  0.413836	  0.174076	

MOTIF motif_73 kermel_120

letter-probability matrix: alength= 4 w= 10 nsites= 20 E= 0
  0.60859	  0.245141	  0.002194	  0.144075	
  0.161567	  0.309279	  0.079937	  0.449217	
  0.00025	  0.593042	  0.002194	  0.404515	
  0.015799	  0.808779	  0.009968	  0.165454	
  0.276238	  0.23348	  0.037178	  0.453104	
  0.004137	  0.810723	  0.179059	  0.006081	
  0.002194	  0.116865	  0.880692	  0.00025	
  0.486145	  0.058557	  0.182946	  0.272351	
  0.179059	  0.799061	  0.004137	  0.017742	
  0.074106	  0.668841	  0.163511	  0.093542	

MOTIF motif_74 kermel_121

letter-probability matrix: alength= 4 w= 10 nsites= 20 E= 0
  0.207885	  0.423356	  0.368509	  0.00025	
  0.258815	  0.49975	  0.098191	  0.143244	
  0.225515	  0.062932	  0.429232	  0.282321	
  0.047262	  0.527174	  0.143244	  0.282321	
  0.339126	  0.086438	  0.562432	  0.012003	
  0.207885	  0.503668	  0.047262	  0.241185	
  0.015921	  0.00025	  0.983579	  0.00025	
  0.840585	  0.00025	  0.158915	  0.00025	
  0.076644	  0.055097	  0.868009	  0.00025	
  0.448821	  0.090356	  0.460574	  0.00025	

MOTIF motif_75 kermel_122

letter-probability matrix: alength= 4 w= 10 nsites= 20 E= 0
  0.00205	  0.36385	  0.59245	  0.04165	
  0.99925	  0.00025	  0.00025	  0.00025	
